<html>
<head><meta charset="utf-8" /></head>
<body>
    <div>                        <script type="text/javascript">window.PlotlyConfig = {MathJaxConfig: 'local'};</script>
        <script charset="utf-8" src="https://cdn.plot.ly/plotly-2.35.2.min.js"></script>                <div id="42e5e0a5-b006-4d6e-a16d-cff3c86d0942" class="plotly-graph-div" style="height:100%; width:100%;"></div>            <script type="text/javascript">                                    window.PLOTLYENV=window.PLOTLYENV || {};                                    if (document.getElementById("42e5e0a5-b006-4d6e-a16d-cff3c86d0942")) {                    Plotly.newPlot(                        "42e5e0a5-b006-4d6e-a16d-cff3c86d0942",                        [{"colorbar":{"title":{"text":"Correlation"}},"colorscale":[[0.0,"rgb(103,0,31)"],[0.1,"rgb(178,24,43)"],[0.2,"rgb(214,96,77)"],[0.3,"rgb(244,165,130)"],[0.4,"rgb(253,219,199)"],[0.5,"rgb(247,247,247)"],[0.6,"rgb(209,229,240)"],[0.7,"rgb(146,197,222)"],[0.8,"rgb(67,147,195)"],[0.9,"rgb(33,102,172)"],[1.0,"rgb(5,48,97)"]],"text":[["1.0","0.46","0.55","0.48","0.37","0.54","0.34","0.33","0.35","0.18","0.33","0.19","0.25","0.19","0.14","0.35","0.14","0.22","0.28","0.16","0.24","0.2","0.12","0.22","0.18"],["0.46","1.0","0.56","0.44","0.57","0.48","0.35","0.41","0.38","0.13","0.37","0.22","0.17","0.3","0.18","0.22","0.24","0.22","0.17","0.19","0.21","0.15","0.15","0.2","0.12"],["0.55","0.56","1.0","0.45","0.47","0.61","0.32","0.41","0.4","0.15","0.34","0.24","0.23","0.23","0.18","0.27","0.16","0.26","0.2","0.18","0.26","0.11","0.14","0.2","0.11"],["0.48","0.44","0.45","1.0","0.31","0.4","0.44","0.26","0.38","0.2","0.22","0.19","0.25","0.2","0.16","0.26","0.13","0.2","0.26","0.13","0.2","0.18","0.11","0.21","0.16"],["0.37","0.57","0.47","0.31","1.0","0.47","0.28","0.42","0.3","0.14","0.38","0.19","0.16","0.25","0.17","0.18","0.21","0.24","0.13","0.19","0.23","0.07","0.18","0.16","0.09"],["0.54","0.48","0.61","0.4","0.47","1.0","0.3","0.46","0.47","0.19","0.46","0.25","0.2","0.3","0.21","0.31","0.19","0.28","0.21","0.2","0.31","0.11","0.17","0.25","0.12"],["0.34","0.35","0.32","0.44","0.28","0.3","1.0","0.23","0.31","0.24","0.2","0.21","0.2","0.18","0.12","0.2","0.08","0.2","0.21","0.12","0.15","0.18","0.08","0.13","0.11"],["0.33","0.41","0.41","0.26","0.42","0.46","0.23","1.0","0.39","0.17","0.44","0.22","0.23","0.31","0.18","0.23","0.23","0.3","0.17","0.22","0.22","0.11","0.23","0.18","0.13"],["0.35","0.38","0.4","0.38","0.3","0.47","0.31","0.39","1.0","0.2","0.35","0.34","0.23","0.39","0.22","0.24","0.22","0.29","0.26","0.18","0.28","0.14","0.17","0.26","0.11"],["0.18","0.13","0.15","0.2","0.14","0.19","0.24","0.17","0.2","1.0","0.16","0.17","0.25","0.08","0.23","0.18","0.06","0.18","0.16","0.09","0.13","0.18","0.11","0.13","0.14"],["0.33","0.37","0.34","0.22","0.38","0.46","0.2","0.44","0.35","0.16","1.0","0.23","0.21","0.4","0.21","0.3","0.26","0.25","0.2","0.24","0.32","0.14","0.26","0.26","0.12"],["0.19","0.22","0.24","0.19","0.19","0.25","0.21","0.22","0.34","0.17","0.23","1.0","0.18","0.27","0.25","0.16","0.26","0.23","0.19","0.12","0.18","0.13","0.13","0.18","0.08"],["0.25","0.17","0.23","0.25","0.16","0.2","0.2","0.23","0.23","0.25","0.21","0.18","1.0","0.19","0.18","0.3","0.14","0.26","0.22","0.1","0.17","0.15","0.15","0.16","0.14"],["0.19","0.3","0.23","0.2","0.25","0.3","0.18","0.31","0.39","0.08","0.4","0.27","0.19","1.0","0.22","0.22","0.31","0.26","0.24","0.23","0.25","0.09","0.24","0.26","0.06"],["0.14","0.18","0.18","0.16","0.17","0.21","0.12","0.18","0.22","0.23","0.21","0.25","0.18","0.22","1.0","0.21","0.26","0.3","0.15","0.23","0.22","0.11","0.16","0.17","0.12"],["0.35","0.22","0.27","0.26","0.18","0.31","0.2","0.23","0.24","0.18","0.3","0.16","0.3","0.22","0.21","1.0","0.19","0.32","0.36","0.17","0.35","0.28","0.19","0.28","0.25"],["0.14","0.24","0.16","0.13","0.21","0.19","0.08","0.23","0.22","0.06","0.26","0.26","0.14","0.31","0.26","0.19","1.0","0.23","0.19","0.3","0.24","0.17","0.25","0.2","0.07"],["0.22","0.22","0.26","0.2","0.24","0.28","0.2","0.3","0.29","0.18","0.25","0.23","0.26","0.26","0.3","0.32","0.23","1.0","0.26","0.25","0.38","0.19","0.3","0.29","0.14"],["0.28","0.17","0.2","0.26","0.13","0.21","0.21","0.17","0.26","0.16","0.2","0.19","0.22","0.24","0.15","0.36","0.19","0.26","1.0","0.21","0.31","0.32","0.17","0.36","0.28"],["0.16","0.19","0.18","0.13","0.19","0.2","0.12","0.22","0.18","0.09","0.24","0.12","0.1","0.23","0.23","0.17","0.3","0.25","0.21","1.0","0.25","0.14","0.32","0.2","0.17"],["0.24","0.21","0.26","0.2","0.23","0.31","0.15","0.22","0.28","0.13","0.32","0.18","0.17","0.25","0.22","0.35","0.24","0.38","0.31","0.25","1.0","0.27","0.33","0.46","0.27"],["0.2","0.15","0.11","0.18","0.07","0.11","0.18","0.11","0.14","0.18","0.14","0.13","0.15","0.09","0.11","0.28","0.17","0.19","0.32","0.14","0.27","1.0","0.18","0.29","0.33"],["0.12","0.15","0.14","0.11","0.18","0.17","0.08","0.23","0.17","0.11","0.26","0.13","0.15","0.24","0.16","0.19","0.25","0.3","0.17","0.32","0.33","0.18","1.0","0.41","0.23"],["0.22","0.2","0.2","0.21","0.16","0.25","0.13","0.18","0.26","0.13","0.26","0.18","0.16","0.26","0.17","0.28","0.2","0.29","0.36","0.2","0.46","0.29","0.41","1.0","0.36"],["0.18","0.12","0.11","0.16","0.09","0.12","0.11","0.13","0.11","0.14","0.12","0.08","0.14","0.06","0.12","0.25","0.07","0.14","0.28","0.17","0.27","0.33","0.23","0.36","1.0"]],"textfont":{"size":10},"texttemplate":"%{text}","x":[0,500,1000,1500,2000,2500,3000,3500,4000,4500,5000,5500,6000,6500,7000,7500,8000,8500,9000,9500,10000,10500,11000,11500,12000],"y":[0,500,1000,1500,2000,2500,3000,3500,4000,4500,5000,5500,6000,6500,7000,7500,8000,8500,9000,9500,10000,10500,11000,11500,12000],"z":[[1.0,0.4556641420659157,0.5485612627793126,0.47705267293917586,0.3705769455326145,0.5375303620100916,0.33904201019228986,0.33276222268745737,0.3452830400958166,0.18238956388523594,0.3348430078329012,0.18713386900021664,0.24903755695653484,0.1934211571099335,0.14452734798137837,0.346745125176584,0.14411905022867644,0.21830486823323733,0.2818770280330434,0.16081672950642825,0.23526703121067957,0.20401824519658127,0.11788226610543366,0.22355186261240048,0.17841262522974388],[0.4556641420659157,1.0,0.5623322041024686,0.44096973482471064,0.5668495147564524,0.47687552051962867,0.34990266040741486,0.41336753707909196,0.3802092667248548,0.13340056975613074,0.37054680711986904,0.2170823805691881,0.1665364251228291,0.3024511422240303,0.1822502664177027,0.22132490251563194,0.24448148050438445,0.22472068022819244,0.17237654915275355,0.1918723903199843,0.20602638953470145,0.14580099125947024,0.15308847256227356,0.20269596033421497,0.11742253114587706],[0.5485612627793126,0.5623322041024686,1.0,0.4504083717276339,0.4734413415065899,0.609881543614297,0.31820554333341006,0.4119124100424298,0.39749525409429426,0.14766757842986136,0.3384917610663641,0.24314303105730561,0.2349843710574497,0.23363739684899487,0.18115785212092173,0.2684344517188803,0.16435101499328417,0.2571876799900905,0.2027167686627614,0.17804467187224932,0.25956612989651745,0.10873759187304845,0.13791788386719603,0.19510383498374942,0.11274349873456704],[0.47705267293917586,0.44096973482471064,0.4504083717276339,1.0,0.305461916108217,0.3991487993836109,0.4449068132850751,0.26496461574049074,0.3848455800463236,0.19753453895254247,0.22360778836155265,0.18840112467776957,0.2520475869974026,0.20204299254151062,0.16026006185060584,0.2573533619789917,0.13172242976464058,0.19582058279599077,0.26178201081192437,0.13062094058873874,0.2042576704138398,0.17999584512910016,0.1135847409845633,0.21048755046607195,0.15527994733351835],[0.3705769455326145,0.5668495147564524,0.4734413415065899,0.305461916108217,1.0,0.46626812719549243,0.28069754413631265,0.41903716411264896,0.30199320666111246,0.14197867066978356,0.3799145382516648,0.19297000410835555,0.1569378607465319,0.24841438896688017,0.1670112232528536,0.18215252269306176,0.2113863622962621,0.23930664681414188,0.12787873885703313,0.1873167030907787,0.22999762916990385,0.07239242934382,0.18385487997632952,0.16255134642216745,0.08761631084334892],[0.5375303620100916,0.47687552051962867,0.609881543614297,0.3991487993836109,0.46626812719549243,1.0,0.301860990767768,0.4572536126123525,0.4659215563998105,0.18526007256636032,0.4606193560464423,0.2512899478539803,0.20011819317222648,0.296109465649116,0.21404634194583516,0.31301832836506555,0.19225055114339223,0.2844107213939924,0.2051479831420436,0.19866297019979717,0.31050798915416883,0.11025603429016408,0.17158844779171997,0.2549036002189022,0.11794389286690692],[0.33904201019228986,0.34990266040741486,0.31820554333341006,0.4449068132850751,0.28069754413631265,0.301860990767768,1.0,0.22715943262113097,0.30512308916618747,0.23999195287980915,0.19585455051765938,0.2082622733329728,0.2014152766846245,0.17674116717700625,0.12352011402886694,0.2023103979701818,0.07790692929258257,0.19873865133465288,0.21142111970315453,0.11921623232895778,0.14977453211923863,0.18161547461129846,0.08014175549786565,0.13182935618873742,0.113142328277275],[0.33276222268745737,0.41336753707909196,0.4119124100424298,0.26496461574049074,0.41903716411264896,0.4572536126123525,0.22715943262113097,1.0,0.3894843736129701,0.16851754367803617,0.44366894438551197,0.218857720382397,0.23452063921244848,0.31050458504766887,0.17736066310887175,0.22657683852022692,0.23023112378802615,0.29757504137934315,0.17481571528937762,0.22211661816058625,0.21778373213657623,0.11035103940331742,0.22678396089902605,0.18386942823248792,0.1256497686824419],[0.3452830400958166,0.3802092667248548,0.39749525409429426,0.3848455800463236,0.30199320666111246,0.4659215563998105,0.30512308916618747,0.3894843736129701,1.0,0.19588025827186226,0.35150325693699463,0.3366949774653105,0.22864671278386636,0.38770791505092567,0.22100760923782806,0.23580009179993797,0.22440035176219686,0.2866626934227982,0.25985790174268725,0.18049742428205318,0.2817873562591413,0.143634257029052,0.1706466221062156,0.26030689490731196,0.11379041318642351],[0.18238956388523594,0.13340056975613074,0.14766757842986136,0.19753453895254247,0.14197867066978356,0.18526007256636032,0.23999195287980915,0.16851754367803617,0.19588025827186226,1.0,0.15535521681874673,0.17485116402738124,0.24758083522562802,0.08043697477123178,0.2269358119971124,0.17925059379841735,0.06288595699090276,0.1755259931092307,0.16435300445243592,0.09409291778085964,0.1270557405155651,0.18338932691787987,0.10833105479724073,0.12647547853232552,0.1375882781266893],[0.3348430078329012,0.37054680711986904,0.3384917610663641,0.22360778836155265,0.3799145382516648,0.4606193560464423,0.19585455051765938,0.44366894438551197,0.35150325693699463,0.15535521681874673,1.0,0.22620308795399405,0.2136072204695188,0.4043513116376948,0.20863768726879767,0.29855676353243243,0.25589311594715647,0.2494462572546116,0.20413709177394743,0.23847271447045085,0.3163356360483157,0.14041351869009489,0.26214452169586794,0.2630025207679737,0.12133102617499487],[0.18713386900021664,0.2170823805691881,0.24314303105730561,0.18840112467776957,0.19297000410835555,0.2512899478539803,0.2082622733329728,0.218857720382397,0.3366949774653105,0.17485116402738124,0.22620308795399405,1.0,0.18455409192047242,0.26791601794219444,0.2462823211106849,0.16262818583709487,0.25906379285317555,0.23013998453295087,0.1871000641338672,0.11884699550714954,0.18018325579978411,0.13474934885203407,0.12964938289294534,0.1789124074145153,0.0781401889992934],[0.24903755695653484,0.1665364251228291,0.2349843710574497,0.2520475869974026,0.1569378607465319,0.20011819317222648,0.2014152766846245,0.23452063921244848,0.22864671278386636,0.24758083522562802,0.2136072204695188,0.18455409192047242,1.0,0.19095634663045596,0.18209963320783173,0.2984717942612986,0.1409863248354026,0.25643674599969685,0.22179899867325342,0.10043747846434976,0.16918822407854117,0.1499084685856907,0.1492654889490762,0.15563001756480022,0.1355134327905339],[0.1934211571099335,0.3024511422240303,0.23363739684899487,0.20204299254151062,0.24841438896688017,0.296109465649116,0.17674116717700625,0.31050458504766887,0.38770791505092567,0.08043697477123178,0.4043513116376948,0.26791601794219444,0.19095634663045596,1.0,0.22081923908045956,0.22030842651365787,0.3123751999945243,0.26156156666936164,0.24408504319489996,0.23381822609436492,0.2528462576176963,0.09063286637290412,0.2405623460782657,0.25770221554390343,0.0567026704854586],[0.14452734798137837,0.1822502664177027,0.18115785212092173,0.16026006185060584,0.1670112232528536,0.21404634194583516,0.12352011402886694,0.17736066310887175,0.22100760923782806,0.2269358119971124,0.20863768726879767,0.2462823211106849,0.18209963320783173,0.22081923908045956,1.0,0.21428928012663032,0.26141383901097914,0.3000516886586243,0.14945650396526078,0.2348342941191341,0.219816032196898,0.10593496159490819,0.15956113918125,0.1710622805305154,0.11679809811952375],[0.346745125176584,0.22132490251563194,0.2684344517188803,0.2573533619789917,0.18215252269306176,0.31301832836506555,0.2023103979701818,0.22657683852022692,0.23580009179993797,0.17925059379841735,0.29855676353243243,0.16262818583709487,0.2984717942612986,0.22030842651365787,0.21428928012663032,1.0,0.1902719968119419,0.3200269063624147,0.36161642230263463,0.1714797829169181,0.35027681591898036,0.28422908730770297,0.1874571308704126,0.2798379137543094,0.2532388641308542],[0.14411905022867644,0.24448148050438445,0.16435101499328417,0.13172242976464058,0.2113863622962621,0.19225055114339223,0.07790692929258257,0.23023112378802615,0.22440035176219686,0.06288595699090276,0.25589311594715647,0.25906379285317555,0.1409863248354026,0.3123751999945243,0.26141383901097914,0.1902719968119419,1.0,0.22613307896219667,0.1897515361795442,0.2994229748493598,0.23916913479370538,0.16861910115190684,0.2517078365450087,0.19895190312457461,0.07410164389148145],[0.21830486823323733,0.22472068022819244,0.2571876799900905,0.19582058279599077,0.23930664681414188,0.2844107213939924,0.19873865133465288,0.29757504137934315,0.2866626934227982,0.1755259931092307,0.2494462572546116,0.23013998453295087,0.25643674599969685,0.26156156666936164,0.3000516886586243,0.3200269063624147,0.22613307896219667,1.0,0.2624829871366154,0.24928110764543818,0.3809994192969812,0.18900544795364402,0.30282785744453194,0.2911154577326525,0.1363253130807191],[0.2818770280330434,0.17237654915275355,0.2027167686627614,0.26178201081192437,0.12787873885703313,0.2051479831420436,0.21142111970315453,0.17481571528937762,0.25985790174268725,0.16435300445243592,0.20413709177394743,0.1871000641338672,0.22179899867325342,0.24408504319489996,0.14945650396526078,0.36161642230263463,0.1897515361795442,0.2624829871366154,1.0,0.20552143796489375,0.3065304490888614,0.31671149489807876,0.16803245505749048,0.3618909326186304,0.28131764597283837],[0.16081672950642825,0.1918723903199843,0.17804467187224932,0.13062094058873874,0.1873167030907787,0.19866297019979717,0.11921623232895778,0.22211661816058625,0.18049742428205318,0.09409291778085964,0.23847271447045085,0.11884699550714954,0.10043747846434976,0.23381822609436492,0.2348342941191341,0.1714797829169181,0.2994229748493598,0.24928110764543818,0.20552143796489375,1.0,0.2527795974629217,0.13998279347070383,0.31956751437683306,0.19856158465707288,0.1733274499523672],[0.23526703121067957,0.20602638953470145,0.25956612989651745,0.2042576704138398,0.22999762916990385,0.31050798915416883,0.14977453211923863,0.21778373213657623,0.2817873562591413,0.1270557405155651,0.3163356360483157,0.18018325579978411,0.16918822407854117,0.2528462576176963,0.219816032196898,0.35027681591898036,0.23916913479370538,0.3809994192969812,0.3065304490888614,0.2527795974629217,1.0,0.2704746976849942,0.3325481090714748,0.45730133565091774,0.27163739983895],[0.20401824519658127,0.14580099125947024,0.10873759187304845,0.17999584512910016,0.07239242934382,0.11025603429016408,0.18161547461129846,0.11035103940331742,0.143634257029052,0.18338932691787987,0.14041351869009489,0.13474934885203407,0.1499084685856907,0.09063286637290412,0.10593496159490819,0.28422908730770297,0.16861910115190684,0.18900544795364402,0.31671149489807876,0.13998279347070383,0.2704746976849942,1.0,0.18277824826136227,0.2914321045648677,0.3304466224620592],[0.11788226610543366,0.15308847256227356,0.13791788386719603,0.1135847409845633,0.18385487997632952,0.17158844779171997,0.08014175549786565,0.22678396089902605,0.1706466221062156,0.10833105479724073,0.26214452169586794,0.12964938289294534,0.1492654889490762,0.2405623460782657,0.15956113918125,0.1874571308704126,0.2517078365450087,0.30282785744453194,0.16803245505749048,0.31956751437683306,0.3325481090714748,0.18277824826136227,1.0,0.4053772596990833,0.22553114118497403],[0.22355186261240048,0.20269596033421497,0.19510383498374942,0.21048755046607195,0.16255134642216745,0.2549036002189022,0.13182935618873742,0.18386942823248792,0.26030689490731196,0.12647547853232552,0.2630025207679737,0.1789124074145153,0.15563001756480022,0.25770221554390343,0.1710622805305154,0.2798379137543094,0.19895190312457461,0.2911154577326525,0.3618909326186304,0.19856158465707288,0.45730133565091774,0.2914321045648677,0.4053772596990833,1.0,0.3645097512392603],[0.17841262522974388,0.11742253114587706,0.11274349873456704,0.15527994733351835,0.08761631084334892,0.11794389286690692,0.113142328277275,0.1256497686824419,0.11379041318642351,0.1375882781266893,0.12133102617499487,0.0781401889992934,0.1355134327905339,0.0567026704854586,0.11679809811952375,0.2532388641308542,0.07410164389148145,0.1363253130807191,0.28131764597283837,0.1733274499523672,0.27163739983895,0.3304466224620592,0.22553114118497403,0.3645097512392603,1.0]],"zmax":1,"zmin":-1,"type":"heatmap"}],                        {"template":{"data":{"histogram2dcontour":[{"type":"histogram2dcontour","colorbar":{"outlinewidth":0,"ticks":""},"colorscale":[[0.0,"#0d0887"],[0.1111111111111111,"#46039f"],[0.2222222222222222,"#7201a8"],[0.3333333333333333,"#9c179e"],[0.4444444444444444,"#bd3786"],[0.5555555555555556,"#d8576b"],[0.6666666666666666,"#ed7953"],[0.7777777777777778,"#fb9f3a"],[0.8888888888888888,"#fdca26"],[1.0,"#f0f921"]]}],"choropleth":[{"type":"choropleth","colorbar":{"outlinewidth":0,"ticks":""}}],"histogram2d":[{"type":"histogram2d","colorbar":{"outlinewidth":0,"ticks":""},"colorscale":[[0.0,"#0d0887"],[0.1111111111111111,"#46039f"],[0.2222222222222222,"#7201a8"],[0.3333333333333333,"#9c179e"],[0.4444444444444444,"#bd3786"],[0.5555555555555556,"#d8576b"],[0.6666666666666666,"#ed7953"],[0.7777777777777778,"#fb9f3a"],[0.8888888888888888,"#fdca26"],[1.0,"#f0f921"]]}],"heatmap":[{"type":"heatmap","colorbar":{"outlinewidth":0,"ticks":""},"colorscale":[[0.0,"#0d0887"],[0.1111111111111111,"#46039f"],[0.2222222222222222,"#7201a8"],[0.3333333333333333,"#9c179e"],[0.4444444444444444,"#bd3786"],[0.5555555555555556,"#d8576b"],[0.6666666666666666,"#ed7953"],[0.7777777777777778,"#fb9f3a"],[0.8888888888888888,"#fdca26"],[1.0,"#f0f921"]]}],"heatmapgl":[{"type":"heatmapgl","colorbar":{"outlinewidth":0,"ticks":""},"colorscale":[[0.0,"#0d0887"],[0.1111111111111111,"#46039f"],[0.2222222222222222,"#7201a8"],[0.3333333333333333,"#9c179e"],[0.4444444444444444,"#bd3786"],[0.5555555555555556,"#d8576b"],[0.6666666666666666,"#ed7953"],[0.7777777777777778,"#fb9f3a"],[0.8888888888888888,"#fdca26"],[1.0,"#f0f921"]]}],"contourcarpet":[{"type":"contourcarpet","colorbar":{"outlinewidth":0,"ticks":""}}],"contour":[{"type":"contour","colorbar":{"outlinewidth":0,"ticks":""},"colorscale":[[0.0,"#0d0887"],[0.1111111111111111,"#46039f"],[0.2222222222222222,"#7201a8"],[0.3333333333333333,"#9c179e"],[0.4444444444444444,"#bd3786"],[0.5555555555555556,"#d8576b"],[0.6666666666666666,"#ed7953"],[0.7777777777777778,"#fb9f3a"],[0.8888888888888888,"#fdca26"],[1.0,"#f0f921"]]}],"surface":[{"type":"surface","colorbar":{"outlinewidth":0,"ticks":""},"colorscale":[[0.0,"#0d0887"],[0.1111111111111111,"#46039f"],[0.2222222222222222,"#7201a8"],[0.3333333333333333,"#9c179e"],[0.4444444444444444,"#bd3786"],[0.5555555555555556,"#d8576b"],[0.6666666666666666,"#ed7953"],[0.7777777777777778,"#fb9f3a"],[0.8888888888888888,"#fdca26"],[1.0,"#f0f921"]]}],"mesh3d":[{"type":"mesh3d","colorbar":{"outlinewidth":0,"ticks":""}}],"scatter":[{"fillpattern":{"fillmode":"overlay","size":10,"solidity":0.2},"type":"scatter"}],"parcoords":[{"type":"parcoords","line":{"colorbar":{"outlinewidth":0,"ticks":""}}}],"scatterpolargl":[{"type":"scatterpolargl","marker":{"colorbar":{"outlinewidth":0,"ticks":""}}}],"bar":[{"error_x":{"color":"#2a3f5f"},"error_y":{"color":"#2a3f5f"},"marker":{"line":{"color":"#E5ECF6","width":0.5},"pattern":{"fillmode":"overlay","size":10,"solidity":0.2}},"type":"bar"}],"scattergeo":[{"type":"scattergeo","marker":{"colorbar":{"outlinewidth":0,"ticks":""}}}],"scatterpolar":[{"type":"scatterpolar","marker":{"colorbar":{"outlinewidth":0,"ticks":""}}}],"histogram":[{"marker":{"pattern":{"fillmode":"overlay","size":10,"solidity":0.2}},"type":"histogram"}],"scattergl":[{"type":"scattergl","marker":{"colorbar":{"outlinewidth":0,"ticks":""}}}],"scatter3d":[{"type":"scatter3d","line":{"colorbar":{"outlinewidth":0,"ticks":""}},"marker":{"colorbar":{"outlinewidth":0,"ticks":""}}}],"scattermapbox":[{"type":"scattermapbox","marker":{"colorbar":{"outlinewidth":0,"ticks":""}}}],"scatterternary":[{"type":"scatterternary","marker":{"colorbar":{"outlinewidth":0,"ticks":""}}}],"scattercarpet":[{"type":"scattercarpet","marker":{"colorbar":{"outlinewidth":0,"ticks":""}}}],"carpet":[{"aaxis":{"endlinecolor":"#2a3f5f","gridcolor":"white","linecolor":"white","minorgridcolor":"white","startlinecolor":"#2a3f5f"},"baxis":{"endlinecolor":"#2a3f5f","gridcolor":"white","linecolor":"white","minorgridcolor":"white","startlinecolor":"#2a3f5f"},"type":"carpet"}],"table":[{"cells":{"fill":{"color":"#EBF0F8"},"line":{"color":"white"}},"header":{"fill":{"color":"#C8D4E3"},"line":{"color":"white"}},"type":"table"}],"barpolar":[{"marker":{"line":{"color":"#E5ECF6","width":0.5},"pattern":{"fillmode":"overlay","size":10,"solidity":0.2}},"type":"barpolar"}],"pie":[{"automargin":true,"type":"pie"}]},"layout":{"autotypenumbers":"strict","colorway":["#636efa","#EF553B","#00cc96","#ab63fa","#FFA15A","#19d3f3","#FF6692","#B6E880","#FF97FF","#FECB52"],"font":{"color":"#2a3f5f"},"hovermode":"closest","hoverlabel":{"align":"left"},"paper_bgcolor":"white","plot_bgcolor":"#E5ECF6","polar":{"bgcolor":"#E5ECF6","angularaxis":{"gridcolor":"white","linecolor":"white","ticks":""},"radialaxis":{"gridcolor":"white","linecolor":"white","ticks":""}},"ternary":{"bgcolor":"#E5ECF6","aaxis":{"gridcolor":"white","linecolor":"white","ticks":""},"baxis":{"gridcolor":"white","linecolor":"white","ticks":""},"caxis":{"gridcolor":"white","linecolor":"white","ticks":""}},"coloraxis":{"colorbar":{"outlinewidth":0,"ticks":""}},"colorscale":{"sequential":[[0.0,"#0d0887"],[0.1111111111111111,"#46039f"],[0.2222222222222222,"#7201a8"],[0.3333333333333333,"#9c179e"],[0.4444444444444444,"#bd3786"],[0.5555555555555556,"#d8576b"],[0.6666666666666666,"#ed7953"],[0.7777777777777778,"#fb9f3a"],[0.8888888888888888,"#fdca26"],[1.0,"#f0f921"]],"sequentialminus":[[0.0,"#0d0887"],[0.1111111111111111,"#46039f"],[0.2222222222222222,"#7201a8"],[0.3333333333333333,"#9c179e"],[0.4444444444444444,"#bd3786"],[0.5555555555555556,"#d8576b"],[0.6666666666666666,"#ed7953"],[0.7777777777777778,"#fb9f3a"],[0.8888888888888888,"#fdca26"],[1.0,"#f0f921"]],"diverging":[[0,"#8e0152"],[0.1,"#c51b7d"],[0.2,"#de77ae"],[0.3,"#f1b6da"],[0.4,"#fde0ef"],[0.5,"#f7f7f7"],[0.6,"#e6f5d0"],[0.7,"#b8e186"],[0.8,"#7fbc41"],[0.9,"#4d9221"],[1,"#276419"]]},"xaxis":{"gridcolor":"white","linecolor":"white","ticks":"","title":{"standoff":15},"zerolinecolor":"white","automargin":true,"zerolinewidth":2},"yaxis":{"gridcolor":"white","linecolor":"white","ticks":"","title":{"standoff":15},"zerolinecolor":"white","automargin":true,"zerolinewidth":2},"scene":{"xaxis":{"backgroundcolor":"#E5ECF6","gridcolor":"white","linecolor":"white","showbackground":true,"ticks":"","zerolinecolor":"white","gridwidth":2},"yaxis":{"backgroundcolor":"#E5ECF6","gridcolor":"white","linecolor":"white","showbackground":true,"ticks":"","zerolinecolor":"white","gridwidth":2},"zaxis":{"backgroundcolor":"#E5ECF6","gridcolor":"white","linecolor":"white","showbackground":true,"ticks":"","zerolinecolor":"white","gridwidth":2}},"shapedefaults":{"line":{"color":"#2a3f5f"}},"annotationdefaults":{"arrowcolor":"#2a3f5f","arrowhead":0,"arrowwidth":1},"geo":{"bgcolor":"white","landcolor":"#E5ECF6","subunitcolor":"white","showland":true,"showlakes":true,"lakecolor":"white"},"title":{"x":0.05},"mapbox":{"style":"light"}}},"xaxis":{"title":{"text":"Pixel Index (Subsampled)"},"tickvals":[0,1000,2500,4000,5000,6500,8000,9000,10500,12000],"ticktext":["0","1000","2500","4000","5000","6500","8000","9000","10500","12000"]},"yaxis":{"title":{"text":"Pixel Index (Subsampled)"},"tickvals":[0,1000,2500,4000,5000,6500,8000,9000,10500,12000],"ticktext":["0","1000","2500","4000","5000","6500","8000","9000","10500","12000"]},"margin":{"l":50,"r":50,"t":100,"b":50},"title":{"text":"Pixel Correlation Heatmap (Subsampled)"},"autosize":true},                        {"responsive": true}                    ).then(function(){
                            
    const style = document.createElement('style');
    style.innerHTML = `
        #graph { width: 100vw !important; height: 100vh !important; }
        body { margin: 0; padding: 0; overflow: hidden; }
    `;
    document.head.appendChild(style);
    
                        })                };                            </script>        </div>
</body>
</html>